%% Problem Formulation
D = [700, 750, 850, 950, 1000, 1100, 1150, 1200, 1300, 1400, 1450, 1500, 1400, 1300, 1200, 1150, 1000, 1100, 1200, 1400, 1300, 1100, 900, 800];
G_max = [455, 455, 130, 130, 162, 80, 85, 55, 55, 55];
a = [16.19, 17.26, 16.6, 16.5, 19.7, 22.26, 27.74, 25.92, 27.27, 27.79];
b = [0.00048, 0.00031, 0.002, 0.00211, 0.00398, 0.00712, 0.000793, 0.00413, 0.002221, 0.00173];
C_run = [1000, 970, 700, 680, 450, 370, 480, 660, 665, 670];
C_start = [9000, 10000, 1100, 1120, 1800, 340, 520, 60, 60, 60];
T_min = [8, 8, 5, 5, 6, 3, 3, 1, 1, 1];

N = 10; T = 24;

% Imagine gen = [g11, ..., g1n, ..., gtn]^T, 
%           x = [x11, ..., x1n, ..., gtn]^T

